8 0.153125 0.02890625 0.13125 0.03046875
0 0.503125 0.03046875 0.38984375 0.01796875
4 0.42421875 0.02890625 0.04921875 0.01171875
4 0.34765625 0.0296875 0.07578125 0.01171875
4 0.50078125 0.028125 0.0703125 0.0140625
4 0.58125 0.0296875 0.05625 0.01484375
1 0.85703125 0.0296875 0.1234375 0.02421875
1 0.16953125 0.27890625 0.1578125 0.03359375
1 0.50546875 0.6203125 0.1078125 0.0171875
1 0.22578125 0.9609375 0.1296875 0.0328125
1 0.50703125 0.96015625 0.11953125 0.02890625
1 0.77890625 0.96015625 0.10625 0.025
5 0.515625 0.8234375 0.2140625 0.11875
5 0.7890625 0.82734375 0.20859375 0.11484375
5 0.225 0.8265625 0.2078125 0.109375
5 0.5046875 0.73203125 0.359375 0.05
10 0.240625 0.18125 0.3171875 0.04375
10 0.2828125 0.23125 0.390625 0.04609375
10 0.503125 0.67890625 0.54375 0.03125
10 0.503125 0.640625 0.17734375 0.0234375
10 0.225 0.9046875 0.121875 0.01640625
10 0.50390625 0.90546875 0.153125 0.01640625
10 0.78046875 0.90625 0.175 0.0140625