10 0.35078125 0.1546875 0.15078125 0.03671875
10 0.59296875 0.16640625 0.26015625 0.0546875
10 0.49609375 0.63125 0.14921875 0.03828125
10 0.33359375 0.71875 0.12265625 0.03671875
1 0.4984375 0.540625 0.46171875 0.11796875
1 0.3390625 0.809375 0.12734375 0.0828125
1 0.4953125 0.81484375 0.15546875 0.0875
1 0.65390625 0.81796875 0.16640625 0.10078125
6 0.5015625 0.25546875 0.43984375 0.11953125
6 0.503125 0.375 0.453125 0.10703125
2 0.353125 0.45859375 0.153125 0.0546875
3 0.496875 0.50078125 0.66796875 0.90703125