8 0.26640625 0.06484375 0.05390625 0.02890625
1 0.3 0.37265625 0.09375 0.0484375
1 0.7171875 0.1234375 0.07578125 0.0359375
6 0.50234375 0.1265625 0.51796875 0.05859375
4 0.28203125 0.1203125 0.06875 0.02890625
10 0.346875 0.24765625 0.19375 0.090625
10 0.29765625 0.50859375 0.09140625 0.021875
3 0.375 0.8640625 0.25 0.221875
3 0.56640625 0.86015625 0.11875 0.22109375
3 0.6921875 0.86484375 0.13046875 0.2234375
3 0.50078125 0.4328125 0.55390625 0.809375
3 0.625 0.6375 0.24140625 0.2140625
5 0.43671875 0.59609375 0.11953125 0.1359375
5 0.31171875 0.8640625 0.11796875 0.2140625