2 0.2109375 0.25078125 0.11015625 0.07421875
2 0.2 0.3484375 0.0875 0.07890625
2 0.24375 0.43984375 0.1734375 0.07734375
2 0.203125 0.5375 0.090625 0.06875
2 0.20625 0.6359375 0.09765625 0.07109375
2 0.24140625 0.72578125 0.1640625 0.07109375
2 0.21484375 0.82265625 0.11796875 0.08203125
2 0.7265625 0.2921875 0.0890625 0.0578125
2 0.71640625 0.37890625 0.0671875 0.0609375
2 0.75234375 0.45 0.14296875 0.0609375
2 0.7171875 0.5328125 0.07578125 0.05625
2 0.71875 0.61328125 0.0703125 0.059375
2 0.74609375 0.6921875 0.128125 0.06875
2 0.7234375 0.77421875 0.08046875 0.07109375
10 0.228125 0.15234375 0.1578125 0.0640625
10 0.73671875 0.20078125 0.12578125 0.0625