10 0.165625 0.11796875 0.2890625 0.05390625
10 0.640625 0.29453125 0.22890625 0.0359375
2 0.57421875 0.39296875 0.1 0.06015625
2 0.69453125 0.39296875 0.11796875 0.0390625
2 0.80625 0.39140625 0.0828125 0.0390625
2 0.91640625 0.39375 0.10390625 0.034375
2 0.0984375 0.228125 0.1609375 0.09453125
2 0.2765625 0.23125 0.16640625 0.0609375
2 0.08984375 0.3359375 0.11328125 0.05546875
2 0.24140625 0.33671875 0.128125 0.05703125
2 0.37734375 0.44375 0.0859375 0.05703125
2 0.57109375 0.4671875 0.09453125 0.04921875
2 0.72734375 0.54921875 0.10703125 0.05546875
2 0.84453125 0.6234375 0.08125 0.0421875
2 0.92890625 0.6921875 0.0859375 0.06015625
2 0.63515625 0.61796875 0.06484375 0.04609375