10 0.25390625 0.0390625 0.13203125 0.03203125
10 0.740625 0.0421875 0.2078125 0.0375
6 0.49453125 0.2203125 0.93984375 0.09453125
1 0.08125 0.3375 0.1125 0.0578125
1 0.1765625 0.33671875 0.0671875 0.0625
1 0.25 0.33671875 0.09375 0.0625
1 0.34375 0.3390625 0.1140625 0.0640625
1 0.4375 0.3421875 0.1 0.06875
1 0.5359375 0.340625 0.1453125 0.05546875
6 0.49765625 0.428125 0.9328125 0.0859375
9 0.1984375 0.5640625 0.3375 0.0640625
9 0.2015625 0.6234375 0.33359375 0.04765625
2 0.64453125 0.51484375 0.15078125 0.04921875
2 0.79921875 0.5125 0.1296875 0.04765625
2 0.92265625 0.51328125 0.10234375 0.03515625
4 0.94609375 0.11875 0.05078125 0.0453125
4 0.94375 0.9578125 0.0515625 0.05078125
9 0.06796875 0.86484375 0.0765625 0.05078125
9 0.1734375 0.86484375 0.078125 0.03671875