8 0.18828125 0.23671875 0.065625 0.0296875
1 0.8890625 0.21953125 0.0578125 0.04765625
10 0.63203125 0.36953125 0.1421875 0.03125
10 0.6875 0.4078125 0.2421875 0.03125
9 0.59296875 0.4734375 0.04765625 0.0609375
10 0.25546875 0.31953125 0.1953125 0.0609375
1 0.21796875 0.38046875 0.12578125 0.04765625
1 0.3421875 0.3828125 0.121875 0.04609375
1 0.2015625 0.66015625 0.0921875 0.04609375
1 0.30390625 0.6609375 0.08984375 0.05
10 0.2296875 0.7359375 0.146875 0.0359375
10 0.3609375 0.60703125 0.0734375 0.0234375
2 0.196875 0.60703125 0.08203125 0.0234375
6 0.27734375 0.4984375 0.24765625 0.06640625
6 0.27734375 0.55625 0.25 0.0578125
3 0.5 0.50078125 0.8890625 0.67890625